1010000000001010000010110000
0111100000001010000010100000
0000000001001010000010010000
0000000000001010000000000000
0000000000010001000000010000
0000000000000000000000001001
0000000000010001000000100000
0000000000000000000000001001
0000000000010001000000110000
0000000000000011000100011111
0000000000000011001000101111
0000000000000011001100111111
0000000000000011000100011110
0000000000000011001000101101
0000000000000011001100111100
0000000000000000000100010010
0000000000000000000100010011
0000000000000100000100100001
0000000000000001000010010000
0000000000000001000010010000
0000000000010000000000100000
0000000000000000000010010000
0000000000010001000000010000
0000000000000000000000001001
0000000000010001000000100000
0000000000000000000000001001
0000000000010001000000110000
0000000000000011000100011111
0000000000000011001000101111
0000000000000011001100111111
0000000000000011000100011110
0000000000000011001000101101
0000000000000011001100111100
0000000000000000000100010010
0000000000000000000100010011
0000000000000100000100100001
0000000000000001000010010000
0000000000000001000010010000
0000000000010000000000100000
0000000000000000000010010000
0000000000010001000000010000
0000000000000000000000001001
0000000000010001000000100000
0000000000000000000000001001
0000000000010001000000110000
0000000000000011000100011111
0000000000000011001000101111
0000000000000011001100111111
0000000000000011000100011110
0000000000000011001000101101
0000000000000011001100111100
0000000000000000000100010010
0000000000000000000100010011
0000000000000100000100100001
0000000000000001000010010000
0000000000000001000010010000
0000000000010000000000100000
0000000000000000000010010000
0000000000010001000000010000
0000000000000000000000001001
0000000000010001000000100000
0000000000000000000000001001
0000000000010001000000110000
0000000000000011000100011111
0000000000000011001000101111
0000000000000011001100111111
0000000000000011000100011110
0000000000000011001000101101
0000000000000011001100111100
0000000000000000000100010010
0000000000000000000100010011
0000000000000100000100100001
0000000000000001000010010000
0000000000000001000010010000
0000000000010000000000100000
0000000000000000000010010000
0000000000010001000000010000
0000000000000000000000001001
0000000000010001000000100000
0000000000000000000000001001
0000000000010001000000110000
0000000000000011000100011111
0000000000000011001000101111
0000000000000011001100111111
0000000000000011000100011110
0000000000000011001000101101
0000000000000011001100111100
0000000000000000000100010010
0000000000000000000100010011
0000000000000100000100100001
0000000000000001000010010000
0000000000000001000010010000
0000000000010000000000100000
0000000000000000000010010000
0000000000010001000000010000
0000000000000000000000001001
0000000000010001000000100000
0000000000000000000000001001
0000000000010001000000110000
0000000000000011000100011111
0000000000000011001000101111
0000000000000011001100111111
0000000000000011000100011110
0000000000000011001000101101
0000000000000011001100111100
0000000000000000000100010010
0000000000000000000100010011
0000000000000100000100100001
0000000000000001000010010000
0000000000000001000010010000
0000000000010000000000100000
0000000000000000000010010000
0000000000010001000000010000
0000000000000000000000001001
0000000000010001000000100000
0000000000000000000000001001
0000000000010001000000110000
0000000000000011000100011111
0000000000000011001000101111
0000000000000011001100111111
0000000000000011000100011110
0000000000000011001000101101
0000000000000011001100111100
0000000000000000000100010010
0000000000000000000100010011
0000000000000100000100100001
0000000000000001000010010000
0000000000000001000010010000
0000000000010000000000100000
0000000000000000000010010000
0000000000010001000000010000
0000000000000000000000001001
0000000000010001000000100000
0000000000000000000000001001
0000000000010001000000110000
0000000000000011000100011111
0000000000000011001000101111
0000000000000011001100111111
0000000000000011000100011110
0000000000000011001000101101
0000000000000011001100111100
0000000000000000000100010010
0000000000000000000100010011
0000000000000100000100100001
0000000000000001000010010000
0000000000000001000010010000
0000000000010000000000100000
0000000000000000000010010000
0000000000010001000000010000
0000000000000000000000001001
0000000000010001000000100000
0000000000000000000000001001
0000000000010001000000110000
0000000000000011000100011111
0000000000000011001000101111
0000000000000011001100111111
0000000000000011000100011110
0000000000000011001000101101
0000000000000011001100111100
0000000000000000000100010010
0000000000000000000100010011
0000000000000100000100100001
0000000000000001000010010000
0000000000000001000010010000
0000000000010000000000100000
0000000000000000000010010000
0000000000010001000000010000
0000000000000000000000001001
0000000000010001000000100000
0000000000000000000000001001
0000000000010001000000110000
0000000000000011000100011111
0000000000000011001000101111
0000000000000011001100111111
0000000000000011000100011110
0000000000000011001000101101
0000000000000011001100111100
0000000000000000000100010010
0000000000000000000100010011
0000000000000100000100100001
0000000000000001000010010000
0000000000000001000010010000
0000000000010000000000100000
0000000000000000000010010000
