1010000000001010000010110000
0111100000001010000010100000
0000000001001010000010010000
0000000000001010000000000000
0000000000010001000000010000
0000000000000000100100000000
0000000000010001000000100000
0000000000000000100100000000
0000000000010001000000110000
0000000000000011111100010001
0000000000000011111100100010
0000000000000011111100110011
0000000000000011111000010001
0000000000000011110100100010
0000000000000011110000110011
0000000000000000001000010001
0000000000000000001100010001
0000000000000100001000010001
0000000000000001100100000000
0000000000000001100100000000
0000000000010000000000100000
0000000000000000000000001001